%YAML:1.0
---
HV_00D27551311:
  SN: "00D27551311"
  TYPE: "HikCamera"
  CONFIG: "../config/cameras/MV-CA016-10UC_00D27551311.mfs"
  LEN: "HV_003_C28_120MMF28_HV_00D27551311"
  EXPOSURE_TIME: 5000
  GAIN_VALUE: 14.0
