%YAML:1.0
---
HV_003_C28_120MMF28_HV_00D27551311:
  IntrinsicMatrix: !!opencv-matrix
    rows: 3
    cols: 3
    dt: d
    data: [ 3108.8554567614019106, 21.4426886974379904,   987.2142618293618170,
            0.0000000000000000,    3093.8176368288814047, 722.4532387608820727,
            0.0000000000000000,    0.0000000000000000,    1.0000000000000000 ]
  DistortionMatrix: !!opencv-matrix
    rows: 1
    cols: 5
    dt: d
    data: [ -0.3822741197373066, 0.4540524256532271, -0.0075606613036003, -0.0076891067395611, -1.9250455532011304 ]
